Farmland_L	Farmland_M	Farmland_H	Forest_L	Forest_M	Forest_H	Grassland_L	Grassland_M	Grassland_H	Wetland_L	Wetland_M	Wetland_H
0.93789939	0.79972166	1.07287633	0.82158999	0.77535639	0.81425526	0.86490498	0.9785185	0.82439681	1	0.90052958	0.92924354
0.92237551	0.80230069	1.08161647	0.73233812	1.02636904	0.92411012	0.88288648	1.00688238	0.80930195		0.87156056	0.89783818
0.9728656	0.78038021	1.08217399	0.74739927	0.84623608	0.88387898	0.84565325	0.65642078	0.81343544		0.87742159	0.89956134
0.93179582	0.78216264	0.92188115	0.75512679	0.7771001	1.01588517	0.88550462	0.79164929	0.78801851		0.89266884	0.92655287
0.93563382	0.78441964	0.92192263	0.92601731	0.93981485	1.04323732	0.89568322	0.78486409	0.77324905		0.84737657	0.91266913
0.95088389	0.78855608	0.92129792	0.70310832	0.80299653	1.03852316	0.87860034	0.88171239	0.99714636		0.86698952	0.89572715
0.92382595	0.76620414	0.92097426	0.77838819	0.80611479	0.96692881	0.8884239	0.86074543	0.98816672		0.87793512	0.90157677
0.94090354	0.76846515	0.920799	1.04021145	0.77619941	0.98479434	0.89756097	0.80929943	1.01667019		0.8829747	0.92272532
0.93027155	0.7801558	0.92056363	0.99871929	0.80577705	0.97347147	0.88243804	0.63329799	0.99024704		0.89082598	0.99549884
0.95359777	0.78195939	0.91713602	0.7821156	0.8156984	0.97709622	0.88926755	0.74519756	1.0032611		0.86437967	1.06662175
0.9248759	0.81240217	0.91676038	0.91842652	1.03683493	0.96984718	0.86771231	0.84737464	1.19584648		0.89910593	1.01632698
0.92602095	0.81394862	0.9163209	0.81399436	0.79941587	0.97175665	0.89040098	0.64616575	0.99971533		0.90933158	1.29645345
0.92558708	0.79566767	0.91318186	0.92374066	0.79824583	0.97413255	0.87558212	0.5578985	1.2117355		0.87107071	1.33692925
0.94805131	0.79800602	0.91325481	0.75102623	0.79298811	0.93433744	0.89079031	0.7144964	0.75165078		0.86521817	0.92980952
0.91103331	0.79031623	0.91279993	0.65608749	0.82096123	0.89041907	0.8940027	0.6496668			0.8776536	0.93595902
0.96037093	0.79337853	0.91948872	0.89154089	0.78332067	0.90667965	0.89503713	0.6553341			0.89919985	0.9221903
0.92631948	0.75785789	0.91904277	0.72635421	0.90464712	0.92061482	0.934563	0.61328857			0.90563161	0.9393964
0.96753985	0.76108308	0.92048937	0.70934203	0.77923454	1.14729561	0.85620909	0.79229319			0.88137168	0.93122806
0.93819493	0.76515846	0.91456524	0.99355483	0.77514322	0.87527808	0.92616006	0.8050116			0.899939	0.93449325
0.93952101	0.76778065	0.9157744	0.74084366	0.91965419	0.86601131	0.9064823	0.7786771			0.92319688	0.93828344
0.9653699	0.78269993	0.91549492	0.78401425	0.76866428	0.86507784	0.88442119	1.0229036			0.90325217	0.93474236
0.96311154	0.78343273	0.91207522	1.14614654	0.79252403	1.03952106	0.89275453	0.99926887			0.88163886	0.95920589
0.94588425	0.75851774	0.91248433	0.73404547	0.96940013	0.8295727	0.86430617	0.95484617			0.88350448	0.9531877
0.95279973	0.76119958	0.91183963	1.03403172	0.90190919	0.81721065	0.92247108	0.91430616			1.25056404	0.8407313
0.93702794	0.77294308	0.90342268	1.02148114	0.88922574	1.01467758	0.89897026	1.2353316			1.37970699	1.00640239
0.94853775	0.77586297	0.90313869	0.73023535	0.84028773	0.95862871	0.87971176	0.92969104			0.86311715	0.91393742
0.94260618	0.80485057	0.90380483	1.01503538	0.83932349	1.18091292	0.90858997	0.81843079			0.94168366	0.83284822
0.94763969	0.80600942	0.90833982	0.72805551	0.86910996	1.01785351	0.80134987	0.81478875			1.05291993	0.91124333
0.9475069	0.73068299	0.90766172	0.85159935	0.82860837	0.94785993	0.87555465	1.29595211			1.11520549	1.01877826
0.90633165	0.7352979	0.91052413	0.97397711	0.80511547	1.01147261	0.85347493	1.33826471			1.48741379	1.01092176
0.94064873	0.73934215	0.91154231	0.71413906	0.86907002	1.01728552	0.83817129	1.33758911			1.02595364	0.99243678
0.92870681	0.74136228	0.9232147	0.82760657	1.09514033	0.96271355	0.88853127	1.3670049			1.25375697	0.78400109
0.95414929	0.53502775	0.92219145	0.9319626	0.81083845	1.00885467	0.89348724	1.24767362			0.9643642	0.67137816
0.94676851	0.63956765	0.92295241	0.74031521	1.01966565	0.99436645	0.82172919	1.33626606			0.95827742	0.89872391
0.66735921	0.9359443	0.92408989	0.78225637	0.76523023	1.01939411	0.90923655	1.31555564			0.94266938	0.94117725
0.71520903	0.93759348	0.92318957	0.81335196	0.95200579	1.03992187	0.89552375	1.26171042				0.88844654
0.7014649	0.93644131	0.92449283	0.75992673	0.73410488	0.99002147	0.86481611	1.26809307				0.66394493
0.66171896	0.94766038	0.92351832	1.1461535	0.81001711	0.95262143	0.83505796	1.31164216				0.70861593
0.70963475	0.9345816	0.92375259	1.44683588	0.8780198	0.98505313	0.86994151	1.49327638				0.93255158
0.66484054	0.96061954	0.92407853	1.00366715	1.0118461	0.80506652	0.8871296	1.38802442				0.68052854
0.69696966	0.95077724	0.9230175	1.35475478	0.83036797	1.21645359	0.86590783	1.37260099				0.53865142
0.64084747	0.95054078	0.92423801	0.84859202	0.81283685	1.10967542	0.91783497	1.36316515				0.59861728
0.97890708	0.94308674	0.92558019	0.85222651	0.84422469	0.61744189	0.85465092	1.49806328				0.70881889
0.96474922	0.93603318	0.81469376	0.85394985	0.8859428	1.3845451	0.87439554	1.31113254				0.87272581
0.97784954	0.94804086	0.78789655	0.86528503	0.8206763	1.1791847	0.89099101	1.49717263				0.89758105
0.97745519	0.94765107	0.76553366	0.88386991	0.74958402	0.94877518	0.69280959	1.30039579				0.72878837
0.97492216	0.55551665	0.80605718	1.05466417	0.80378201	1.02419623	0.90044573	1.27639822				0.90807262
0.97171712	0.91744982	0.84028511	0.79676635	0.90577873	0.99776095	0.89277648	1.35723607				0.89449705
0.97513422	0.91744982	0.79650599	0.86492904	0.76353948	1.21472382	0.90854501	1.35309381				0.91732482
0.94969954	0.53076558	0.79471039	0.8270697	0.97907463	0.99983523	0.88841137	1.33751638				0.79343493
0.9477135	0.60073744	0.9189803	0.55562143	0.96826443	0.98328145	0.88575206	1.265857				0.74884193
0.94512404	0.48042457	0.83505755	0.81439761	0.95858428	1.18205892	0.89600676	1.48555568				0.90108884
0.94339303	0.55222624	0.80350896	0.61540101	1.44954838	0.99449056	0.91771621	1.32067171				0.87730862
0.94482556	0.57375044	0.81173669	0.6740716	0.91884124	0.99678875	0.90780564	1.31240737				0.84605085
0.96226898	0.50908959	0.7873348	0.67994738	0.65741785	0.9711891	0.90788543	1.24923108				0.90863616
0.9662286	0.61263738	0.79531288	0.68536713	0.80533797	1.01129537	0.87924186	1.30697923				0.93942135
0.9688475	0.47418389	0.84693582	0.65045687	0.77028157	0.94444007	0.91275951	1.27593136				0.83506157
0.96681319	0.6893553	0.80591895	0.69662708	0.79257127	0.97907175	0.9081945	1.35669053				0.86441423
0.97074379	0.62268406	0.83298512	0.87511323	0.71614348	0.95190187	0.92558267	1.38689218				0.90394707
0.96862192	0.63709173	0.91625982	0.74018526	0.66457726	0.98115315	0.90516596	1.47796049				0.84833316
0.96534547	0.70062796	0.92127232	0.70873883	0.7251571	1.02649032	0.90861179	1.30078881				0.90648084
0.96309455	0.68403383	0.68729954	1.11884045	0.99684892	0.9570522	0.93536654	1.36727597				0.90737936
0.96849914	0.7527238	0.64032589	0.71788086	0.80585796	1.00727416	0.90258943	1.30431965				0.88939266
0.97692635	0.63149504	0.34287617	0.73043144	0.79825307	1.0264952	0.91803309	1.27069672				0.90615018
0.97504037	0.71561023	0.63544871	1.00469688	0.66109983	0.94666759	0.89243803	1.2287456				0.64833582
0.96046576	0.66132247	0.04192454	1.06413032	0.9137252	0.94549197	0.90726792	1.31252836				0.74072045
0.98091652	0.72177286	0.79262579	0.96954291	0.92956915	0.29789183	0.89893216	1.42303824				0.69790908
0.97771724	0.65766063	0.78090261	0.9889507	0.78939359	0.86568603	0.8954953	1.38175401				0.67089009
0.97964575	0.59661917	0.77583846	1.04532788	0.82148792	0.22568747	0.90796261	1.28663118				0.72948151
0.97966844	0.89833365	0.78339157	1.04993327	0.80786892	0.64520495	0.92172417	1.34986803				0.76686523
0.97797156	0.87948962	0.6642598	0.98470741	0.75989064	0.52127962	0.88234493	1.53007061				0.79785247
0.97601912	0.8883807	0.63470212	1.04522932	0.71594079	1.02337531	0.91502366	1.24967145				0.76777808
0.97845476	0.88535039	0.67606964	0.99529375	0.67175184	1.19965304	0.91621957	1.35994163				0.91869417
0.97822998	0.88976141	0.77864402	0.96787569	0.96539711	0.95189702	0.93858312	1.24042258				0.93129546
0.97148632	0.89282477	0.79558208	0.86711946	0.91556128	1.18230041	0.86815552	1.35483794				0.8769409
0.97184592	0.89297284	0.80171813	1.05153674	0.72358734		0.93609491	1.29171857				0.93365537
0.97259489	0.88953483	0.77270399	1.01048885	0.96380553		0.89915262	1.37957691				0.91935495
0.97369525	0.88857073	0.77559345	1.01044525	0.75143054		0.93333063	1.24364565				1.13191054
0.96995707	0.86901825	0.79517714	0.96475686	1.20731232		0.90953792	1.26595168				0.93345048
0.97823411	0.88639433	0.82192733	0.94220423	0.79350128		0.91665977	1.35571354				1.14290668
0.96968428	0.81680242	0.84419154	1.12110588	1.02201295		0.88002396	0.82796378				0.93909887
0.93862099	0.48451676	0.79079627	1.1795268	1.00128601		0.905734	0.79951274				0.9439188
0.96512827	0.55628896	0.83843865	0.97496588	0.78606582		0.91315	0.79060207				1.19523809
0.96513405	0.56726934	0.7701783	0.97190844	1.10136122		0.92322883	0.79595408				1.17255512
0.96682367	0.52375996	0.69918106	0.94946328	0.99663938		0.91224696	0.79653815				1.42545834
0.96435074	0.52682594	0.62845568	0.9527258	0.77869994		0.87522531	0.77521004				1.14897189
0.96746198	0.50831335	0.6333106	0.96118394	0.87077124		0.83898553	1.06351905				1.01496602
0.96683686	0.6043048	0.89308699	0.94398334	0.89919257		0.83549038	0.87215315				1.16906901
0.928199	0.51575835	0.8982433	0.91631328	1.03276898		0.80658363	0.79008195				1.10655404
0.9239194	0.99987337	0.90954863	1.04895473	0.99914697		0.62811653	0.42513722				0.88822715
0.92426657	1.00167689	0.76411526	0.92432245	0.94895955		0.65863949	0.66055517				1.22387168
0.90917124	1.02511881	0.72260089	0.71283113	0.97501366		0.70935206					1.18749716
0.92859747	1.05386874	0.75951034	1.00677434	0.99536468		0.83516478					1.09874912
0.9572751	0.99737491	0.56583922	1.18100854	0.92288816		0.84612671					1.18524497
0.96286684	0.9747555	0.74094031	0.97375323	1.0013		0.84743796					1.17011816
0.96080065	1.06044977	0.88994685	1.04164862	1.00859591		0.83141553					1.13367715
0.95594693	0.97515424	0.92363058	1.08462027	0.95052806		0.80899001					1.08652825
0.96655463	1.00844745	0.63057057	1.17477032	0.90782391		0.84071379					1.32161043
0.95951905	1.00534651	0.6664924	0.98474139	1.00716817		0.82936125					1.38094431
0.94509072	1.15106865	0.65654662	0.98026231	0.98089252		0.85742293					0.8222319
0.96021415	0.97900411	0.64256679	1.00997871	1.20700228		0.8438398					1.1314714
0.96370059	0.97315032	0.89696379	1.04166193	1.0035292		0.85898107					1.33779049
0.9454594	0.98925604	0.94095142	0.92841376	1.05589267		0.84793747					
0.9808207	1.00665255	0.95091543	1.08223611	1.04310637		0.90230876					
0.97659281	1.19310504	0.89397047	0.82678323	1.00575302		0.78657681					
0.97770543	1.00151367	0.94097702	0.85468424	0.91940585		0.74419351					
0.97763765	0.98330637	0.94575895	0.83001593	1.03302924		0.77788913					
0.97661006	0.99811601	0.8844386	0.8580558	1.03355321		0.8626502					
0.97732628	1.03179561	0.9598418	0.84838462	1.038379		0.87286769					
0.96362079	1.20823143	0.95672856	0.88100155	1.0013402		0.87756913					
0.96256486	1.05039895	0.94874539	0.90264733	0.95652733		0.90712619					
0.7013275	1.04558929	0.92003367	0.79863229	1.04096814		0.89470831					
0.69647295	1.04170769	0.90681496	0.89343463	1.03519457		0.87189712					
0.68907774	1.01469698	0.57691259	0.82245119	1.23518221		0.89153199					
0.70634903	1.0432566	0.82082291	1.02626628	1.03378354		0.86712211					
0.70745383	1.00914263	0.81940126	1.03119747	0.93421084		0.90022908					
0.71365537	1.20125217	0.85857702	1.03298764	0.93246707		0.86949182					
0.88187296	0.99669022	0.87622441	0.88307205	0.97529259		0.89237072					
0.72767476	1.19884742	0.8692407	1.01026455	0.94382778		0.87597932					
0.67066693	0.944479	0.86637068	1.03697599	1.12597687		0.88497472					
0.85407824	1.00112713	0.78267802	0.98364193	0.9500338		0.87713103					
0.82728652	1.00921421	0.62039145	0.9759117	0.96606566		0.6019561					
0.81538735	1.00284679	0.66361208	0.9380001	0.98567434		0.89359475					
0.74693574	0.99902519	0.76501414	1.20146556	0.99595917		0.87155557					
0.77174974	1.00112594	0.77238087	1.03549806	1.00625774		0.88146102					
0.77319189	1.24476653	0.73144468	1.06582221	1.27078793		0.87529767					
0.77594129	1.02896725	0.73806702	0.99651691	1.01409713		0.88408462					
0.77868211	1.01632465	0.73798063	0.99803042	0.94104125		0.52536653					
0.91721989	1.07326297	0.77419664	1.00221617	1.00811335		0.87757925					
0.91689039	0.99346912	0.76845931	0.98217151	0.76694028		0.84603496					
0.9151261	1.17197596	0.77898208	0.99183636	0.99737325		0.90595199					
0.92203273	0.92906877	0.78062697	1.03349213	0.95379936		0.89694335					
0.92245284	0.93531071	0.76902725	0.97284372	0.92288818		0.90270369					
0.8554847	0.91952132	0.76610525	1.02951831	1.1303475		0.88591831					
0.91488635	0.92865901	0.75750014	1.00440911	1.00555924		0.86625378					
0.91601763	0.91914549	0.75489485	0.96719382	1.18390433		0.90231909					
0.86689108	0.91710668	0.73458463	0.90078647	0.69283178		0.88163082					
0.94304109	0.91047687	0.72803956	0.89365385	0.8757149		0.8429265					
0.9236235	0.90405427	0.70754974	0.93993058	0.91445579		0.85258361					
0.92956813	0.89796917	0.73818205	1.14081864	0.8313325		0.86694433					
0.9379199	0.91171869	0.76611616	1.00442684	0.76732181		0.85014673					
0.95092893	0.90514792	0.76414396	1.06061404	0.9013538		0.86798743					
0.93686028	0.89275601	0.73133031	1.02730065	0.66719476		0.88681311					
0.93034354	0.89089016	0.73694522	0.96628735	0.82677981		0.90332422					
0.92586894	0.89430241	0.77435168	0.99941403	1.23826613		0.89919618					
0.93684687	0.93561546	0.75509501	1.04805532	0.96715902		0.9075953					
0.89246821	0.93369866	0.72527621	0.95924336	0.92317308		0.89562402					
0.92054037	0.9268353	0.75146047	1.19360808	0.94364161		0.89991725					
0.93319923	0.91845925	0.74595297	1.05435175	0.93500159		0.88784044					
0.93275264	0.91893175	0.74049342	0.95062123	0.97462799		0.91676476					
0.93988298	0.91465469	0.72053609	1.03867783	1.00606016		0.78857137					
0.90302558	0.92754317	0.78294293	1.0738209	1.0145152		0.87444828					
0.91070909	0.92127925	0.75523949	0.84584251	0.66674825		0.8782977					
0.92166326	0.9109556	0.76190546	0.89178784	0.6514147		0.85994986					
0.910404	0.84996388	0.70261103	0.96485654	0.80067449		0.86242222					
0.90284612	0.84800538	0.72405452	0.97956036			0.82914616					
0.91095739	0.86307936	0.65610671	0.82563726			0.84739382					
1.17756035	0.80371443	0.70266503	0.84264212			0.82964056					
0.99511037	0.83645535	0.74087322	0.92184643			0.83534174					
1.0261398	0.83702094	0.77509599	0.87007422			0.83402923					
1.03869041	0.9455996	0.75712385	0.82284806			0.84735206					
1.07165281	1.00047088	0.75362939	0.88590253			0.83098478					
1.05663652	1.0054001	0.84366922	0.84331508			0.84818516					
1.04751553	0.99664434	0.77718849	0.8034979			0.90619041					
0.91846247	1.02543625	0.76968406	0.74276831			0.87647036					
0.92465999	0.99921904	0.75592803	0.78817745			0.90960741					
0.92465999	1.00707386	0.76236038	1.0464482			0.86890513					
0.83637004	0.99990152	0.78655896	1.10051456			0.86614296					
0.84283138	0.98563702	0.75458608	0.75251612			0.85470656					
0.83892468	1.00284677	0.74303556	0.54681166			0.86566848					
0.84889429	0.98111998	0.7959286	0.69608911			0.85257652					
0.84818758	1.18683818	0.7482992	0.57752568			0.86465679					
0.8442422	1.04534219	0.7319554	0.75532307			0.85202501					
0.86963303	0.99821243	0.75074364	0.56957149			0.85578217					
0.86258861	0.96813596	0.69219452	0.71355288			0.86011166					
0.86490975	1.20661407	0.76952489	0.56662031			0.86068498					
0.86208315	0.97437116	0.74068175	0.59402443			0.91150174					
0.86832184	0.94895953	0.76325425	0.81477526			0.89942361					
0.86253457	1.0234181	0.82850912	0.6278069			0.89930722					
0.86547278	0.99553775	0.8490387	0.66147345			0.88203495					
0.86221632	1.16157967	0.72029385	0.66120903			0.89323099					
0.86605835	0.98318195	0.73311839	0.66692422			0.8778383					
0.85931244	0.99507019	0.88110446	0.69659918			0.8886766					
0.85287351	1.01081884	0.79671327	0.82527342			0.87539484					
0.8450212	1.00404488	0.79671787	0.62750613			0.87702659					
0.86124999	1.17389409	0.80663659	0.65930974			0.86308805					
0.85729813	1.00624658	0.84109873	0.74864319			0.89742738					
0.86380392	1.03161234	0.84597819	0.7111591			0.87160357					
0.85806645	0.97891231	0.84896119	0.65995877			0.89680086					
0.86249053	1.0021289	0.83051876	0.59909107			0.8954439					
0.85678007	0.99998732	0.88163501	0.48120908			0.88627577					
	1.01698296	0.88184084	0.58504173			0.8938876					
	1.20759791	0.78569143	0.61801317			0.88650265					
	0.94008208	0.82465574	0.5706721			0.89546066					
	0.99564766	0.68141122	0.53928027			0.88462582					
	1.20520526	0.74600167	0.60585409			0.89006157					
	0.98700204	0.71507805	0.56188884			0.8766067					
	1.00454326	0.67160803	0.49129725			0.88348584					
	1.01724721	0.66065838	0.78601886			0.88363079					
	0.98421729	0.66538266	0.55775134			0.88574146					
	1.01603378	0.65856826	0.5758683			0.88690653					
	1.18271474	0.73185429	0.54429935			0.87898226					
	1.00088442	0.68785445	0.74174942			0.87259488					
	0.99271709	0.71977921	0.92977526			0.9088227					
	1.02601287	0.62818841				0.91354661					
	1.04647752	0.68626186				0.89934458					
	1.03077194	0.8363782				0.9210989					
	0.99553777	0.64174082				0.89652843					
	0.94724772	0.6851543				0.89295979					
	0.97760539	0.68047654				0.88998957					
	0.96656428	0.40038006				0.88234013					
	0.94560448	0.25536415				0.74748213					
	0.95075964	0.26457913				0.86416015					
	0.89176587	0.73147752				0.85695915					
	0.88282145	0.65663606				0.85310396					
		0.69348117				0.84958783					
		0.64698973				0.84732544					
		0.78728031				0.86563774					
		0.67877944				0.84715462					
		0.68767323				0.859674					
		0.67756834				0.85167151					
		0.6986468				0.87501455					
		0.66716339				0.90651372					
		0.50311459				0.90908956					
		0.80889294				0.8996336					
		0.76513762				0.87193129					
		0.76951178				0.87835105					
		0.76954665				0.89705731					
		0.66378982				0.87820955					
		0.66015459				0.88426375					
		0.79178486				0.87394065					
		0.8276477				0.88285733					
		0.81551364				0.85393435					
		0.76686932				0.87062179					
		0.8170881				0.82318516					
		0.59089393				0.86840117					
		0.69893399				0.71166899					
		0.65627167				0.81890128					
		0.83771217				0.86425838					
		0.81656762				0.82985546					
		0.74367216				0.85776234					
		0.7376527				0.64432916					
		0.73592605				0.88794186					
		0.72725201				0.89215536					
		0.81753902				0.90365528					
		0.74944024				0.89928353					
		0.63928406				0.89917234					
		0.78340238				0.88638868					
		0.83071795				0.87989578					
		0.73786481				0.75237011					
		0.76224577				0.91552025					
		0.81998458				0.86527883					
		0.80857065				0.83095783					
		0.79193289				0.86864964					
		0.81531836				0.80647496					
		0.76309964				0.84660956					
		0.68495221				0.79840667					
		0.78783009				0.83831752					
		0.78783009				0.80436171					
		0.68228074				0.69034655					
		0.79672834				0.88757808					
		0.83170568				0.85104173					
		0.73392039				0.88437987					
		0.61503577				0.8775698					
		0.85002107				0.87770831					
		0.81277472				0.90585899					
		0.80671678				0.84649172					
		0.82014337				0.895275					
		0.72073091				0.88572692					
		0.68410295				0.88913682					
		0.79801871				0.87713833					
		0.76223441				0.88702004					
		0.78271275				0.74368644					
		0.75521016				0.86137233					
		0.75588789				0.87169874					
		0.7844385				0.4040832					
		0.71256485				0.36546207					
		0.49244044				0.5754339					
		0.5033559				0.62762169					
		0.60172121				0.42997921					
		0.74955818				0.34588308					
		0.72057185				0.45211132					
		0.60710691				0.47354569					
		0.65637785				0.31879461					
		0.51696773				1.44324607					
		0.65213204				1.38849183					
		0.67332281				1.30600261					
		0.7141497				1.4745148					
		0.50172065				1.45332798					
		0.22199524				0.80221519					
		0.74150054				1.18377412					
		0.76977019				0.91493278					
		0.77128532				0.96614161					
		0.63297818				1.16339092					
		0.64698832				0.87987355					
		0.63223815				0.82348226					
		0.5983305				0.94517446					
		0.75849817				1.02861439					
		0.78536054				0.94914027					
		0.81551286				0.96081348					
		0.71564562				1.13684304					
		0.74045672				0.9516959					
		0.72049481				0.92594356					
		0.76688109				0.9866259					
		0.78426961				0.92785277					
		0.80540255				0.94739321					
		0.82941841				1.16185634					
		0.79474776				0.82665323					
		0.67405831				0.88032016					
		0.64432979				1.1801257					
		0.69158474				1.16389148					
		0.64581723				0.97356053					
		0.77138132				1.2801426					
		0.76462403				1.03834646					
		0.74575156				1.18741085					
		0.67868167				1.17635876					
		0.63372044				1.19809693					
		0.6307079				1.05905094					
		0.6961924				1.03796755					
		0.74694583				1.02977567					
		0.72293055				1.07429326					
		0.63294215				1.03446469					
		0.69142156				0.79939439					
		0.79625166				0.79012774					
		0.66470502				0.74903356					
		0.62799024				0.79044684					
		0.79065705				0.83227923					
		0.76041907				0.79817779					
		0.8122647									
		0.78274024									
		0.69090318									
		0.70122605									
		0.68208167									
		0.83520152									
		0.80289178									
		0.75894716									
		0.78674974									
		0.80486861									
		0.84129522									
		0.84039823									
		0.81452049									
		0.79703739									
		0.77006329									
		0.55225527									
		0.67197822									
		0.62767156									
		0.81379015									
		0.82263591									
		0.83042098									
		0.83004942									
		0.7114941									
		0.83359957									
		0.69183298									
		0.72682755									
		0.73490609									
		0.70673612									
		0.56682747									
		0.68503512									
		0.79267051									
		0.66861098									
		0.6370505									
		0.50938191									
		0.79227551									
		0.70892969									
		0.70856823									
		0.38200576									
		0.43285802									
		0.50395304									
		0.84563447									
		0.74447054									
		0.83180312									
		0.71347476									
		0.73237168									
		0.74642033									
		0.76227118									
		0.6799798									
		0.73011448									
		0.76534457									
		0.74327907									
		0.73308847									
		0.75124605									
		0.71017231									
		0.69845437									
		0.73295284									
		0.71183123									
		0.72558198									
		0.67544702									
		0.67663118									
		0.80133017									
		0.73888616									
		0.73253594									
		0.7207323									
		0.64610668									
		0.77502516									
		0.69287639									
		0.77775215									
		0.72924327									
		0.72711676									
		0.69303336									
		0.69050594									
		0.62878477									
		0.62181655									
		0.70743042									
		0.67646655									
		0.65269541									
		0.3955376									
		0.45582346									
		0.68248071									
		0.65903431									
		0.67147628									
		0.78002482									
		0.63214984									
		0.65427956									
		0.68443329									
		0.54183101									
		0.71738358									
		0.64418327									
		0.66877129									
		0.66021541									
		0.6688076									
		0.71178485									
		0.71516233									
		0.57964471									
		0.7971415									
		0.68239864									
		0.79532205									
		0.82404063									
		0.84941257									
		0.80194869									
		0.79207596									
		0.775619									
		0.79050408									
		0.80213387									
		0.76723392									
		0.78984625									
		0.85180862									
		0.80446858									
		0.79415486									
		0.77832722									
		0.79263138									
		0.80492313									
		0.79192326									
		0.84530714									
		0.79615443									
		0.81160576									
		0.78608713									
		0.77176678									
		0.78454458									
		0.79755677									
		0.78400677									
		0.85048994									
		0.80361021									
		0.79284046									
		0.77787485									
		0.79084096									
		0.74315265									
		0.80357329									
		0.79063603									
		0.83292041									
		0.77621543									
		0.81938026									
		0.75134783									
		0.79962408									
		0.86346646									
		0.78251519									
		0.83563686									
		0.79042961									
		0.77897869									
		0.82057311									
		0.75347987									
		0.80166941									
		0.7820436									
		0.78553625									
		0.82833266									
		0.89150128									
		0.8770668									
		0.90430286									
		0.88580894									
		0.93701021									
		0.88354991									
		0.89235324									
		0.91530436									
		0.93205351									
		0.90375693									
		0.91347612									
		0.89954959									
		0.88791298									
		0.91492									
		0.90149407									
		0.9121716									
		0.90407635									
		0.93062766									
		0.90554553									
		0.91286705									
		0.89554151									
		0.90349652									
		0.91557019									
		0.91167575									
		0.92857426									
		0.70788089									
		0.61149951									
		0.68829543									
		0.64094454									
		0.73065373									
		0.70343903									
		0.6776366									
		0.84807334									
		0.70190592									
		0.70468004									
		0.85810828									
		0.87056385									
		0.82446736									
		0.91846848									
		0.79062153									
		0.81197804									
		0.80879684									
		0.8399428									
		0.79661433									
		0.59625791									
		0.87355909									
		0.90473104									
		0.8530508									
		0.84776816									
		0.90015851									
		0.88267176									
		0.88597803									
		0.8718091									
		0.80788931									
		0.80724172									
		0.79068702									
		0.83887198									
		0.87968277									
		0.88015786									
		0.89218304									
		0.88286473									
		0.89023345									
		0.88256334									
		0.91997354									
		0.9684225									
		0.93800372									
		0.94035642									
		0.8758187									
		0.92508677									
		0.9133836									
		0.91656363									
		0.90844896									
		0.90803524									
		0.93638092									
		0.9805989									
		0.8940027									
		0.86795711									
		0.90430234									
		0.68708356									
		0.69692997									
		0.80356952									
		0.67181988									
		0.66617249									
		0.73822646									
		0.72207747									
		0.71300859									
		0.87218085									
		0.92223446									
		0.87024595									
		0.85816264									
		0.90362586									
		0.89571756									
		0.8745711									
		0.88084209									
		0.9036134									
		0.84690956									
		0.87812723									
		0.90126256									
		0.88145548									
		0.90304959									
		0.89268874									
		0.87645703									
		0.89159934									
		0.90002628									
		0.8868915									
		0.87830385									
		0.87209894									
		0.85914268									
		0.86726491									
		0.89112525									
		0.8683313									
		0.87908952									
		0.87115585									
		0.89831192									
		0.88261012									
		0.88299038									
		0.87236242									
		0.87620827									
		0.83728562									
		0.87204308									
		0.87047847									
		0.87567714									
		0.88892909									
		0.88927237									
		0.87945812									
		0.88056409									
		0.89280221									
		0.89281174									
		0.89096611									
		0.86584448									
		0.86534392									
		0.86862714									
		0.87360945									
		0.86769582									
		0.87985008									
		0.87647054									
		0.86554901									
		0.88710662									
		0.8873484									
		0.83672839									
		0.83517607									
		0.83453558									
		0.85586965									
		0.85581563									
		0.85158735									
		0.88421616									
		0.83667191									
		0.89330798									
		0.88104863									
		0.87846517									
		0.90000323									
		0.88318958									
		0.86444102									
		0.87076272									
		0.87741336									
		0.86936057									
		0.86299028									
		0.8892071									
		0.87673656									
		0.86321714									
		0.85728759									
		0.88406965									
		0.85435643									
		0.85696241									
		0.73114806									
		0.85030203									
		0.89889942									
		0.91340442									
		0.8636448									
		0.87164896									
		0.86072684									
		0.85600842									
		0.84937938									
		0.84215829									
		0.82098657									
		0.85053507									
		0.82261573									
		0.44670371									
		0.48871061									
		0.91146312									
		0.92961876									
		0.9381011									
		0.94924645									
		0.96920852									
		0.91910504									
		0.91302192									
		0.88218849									
		0.90822337									
		0.8757029									
		0.90849893									
		0.9803812									
		0.91823363									
		0.92552541									
		0.94421563									
		0.93983411									
		0.81660501									
		0.97268878									
		0.97951576									
		0.9910452									
		1.00561877									
		1.21642986									
		1.03393222									
		1.03241659									
		1.018567									
		1.03330882									
		0.99500264									
		1.000934									
		1.00041214									
		1.01009024									
		1.01526217									
		1.14551961									
		0.92895149									
		1.00258068									
		1.07447096									
		1.2135916									
		1.0215029									
		1.02778825									
		0.94551198									
		1.1752254									
		0.99968524									
		1.01225754									
		1.01518203									
		1.06406104									
		1.00132726									
		1.07031745									
		1.04950687									
		0.98599282									
		0.96151911									
		0.99504574									
		1.00470663									
		0.98323175									
		1.01296999									
		1.02025137									
		0.99028922									
		1.0065176									
		0.99587869									
		0.96481991									
		1.00023914									
		1.02603818									
		0.58581273									
		0.53601781									
		1.00396496									
		1.02155828									
		0.96445001									
		1.17496108									
		0.97495729									
		0.99526953									
		1.2212712									
		1.02744328									
		0.98109314									
		0.99554355									
		0.97910621									
		0.97463968									
		0.9777409									
		0.97048516									
		0.9668457									
		1.01878978									
		1.01315913									
		0.98540067									
		1.0643494									
		1.21512571									
		0.98674434									
		1.02130121									
		1.00616137									
		0.7322633									
		0.7206478									
		0.81172918									
		0.81387856									
		0.73184978									
		0.79323523									
		0.9684664									
		0.85375685									
		0.52908146									
		0.61830476									
		0.7770086									
		0.61571364									
		0.94107989									
		0.89513009									
		0.8719681									
		0.98155318									
		0.89537088									
		0.74983645									
		0.90558561									
		0.75766354									
		0.69835454									
		0.79726899									
		0.54444584									
		0.55966252									
		0.74831482									
		0.80271813									
		0.51383468									
		0.55628097									
		0.82564441									
		0.79191796									
		0.68451634									
		0.80661403									
		0.72450221									
		0.77042207									
		0.70983744									
		0.51836128									
		0.53891644									
		1.00166561									
		1.01615457									
		0.98673808									
		1.06460057									
		1.02181592									
		0.8914864									
		0.89670875									
		0.89193947									
		0.89275934									
		0.89231827									
		0.90917679									
		0.91415489									
		0.88363224									